{
 "cells": [
  {
   "cell_type": "code",
   "execution_count": 4,
   "id": "f7686820",
   "metadata": {
    "collapsed": false,
    "ExecuteTime": {
     "end_time": "2024-04-21T17:22:29.164058Z",
     "start_time": "2024-04-21T17:22:29.159058Z"
    }
   },
   "outputs": [],
   "source": [
    "import pandas as pd\n",
    "import numpy as np\n",
    "import matplotlib.pyplot as plt\n"
   ]
  },
  {
   "cell_type": "code",
   "execution_count": 22,
   "outputs": [],
   "source": [
    "df = pd.read_csv(\"raw_dataset.csv\")\n"
   ],
   "metadata": {
    "collapsed": false,
    "ExecuteTime": {
     "end_time": "2024-04-21T17:33:31.691899Z",
     "start_time": "2024-04-21T17:33:31.657472Z"
    }
   },
   "id": "812cfd4ecf750d75"
  },
  {
   "cell_type": "code",
   "outputs": [
    {
     "data": {
      "text/plain": "   subject#  age  sex  test_time  motor_UPDRS  total_UPDRS  Jitter(%)  \\\n0         1   72    0     5.6431       28.199       34.398    0.00662   \n1         1   72    0    12.6660       28.447       34.894    0.00300   \n2         1   72    0    19.6810       28.695       35.389    0.00481   \n3         1   72    0    25.6470       28.905       35.810    0.00528   \n4         1   72    0    33.6420       29.187       36.375    0.00335   \n\n   Jitter(Abs)  Jitter:RAP  Jitter:PPQ5  ...  Shimmer(dB)  Shimmer:APQ3  \\\n0     0.000034     0.00401      0.00317  ...        0.230       0.01438   \n1     0.000017     0.00132      0.00150  ...        0.179       0.00994   \n2     0.000025     0.00205      0.00208  ...        0.181       0.00734   \n3     0.000027     0.00191      0.00264  ...        0.327       0.01106   \n4     0.000020     0.00093      0.00130  ...        0.176       0.00679   \n\n   Shimmer:APQ5  Shimmer:APQ11  Shimmer:DDA       NHR     HNR     RPDE  \\\n0       0.01309        0.01662      0.04314  0.014290  21.640  0.41888   \n1       0.01072        0.01689      0.02982  0.011112  27.183  0.43493   \n2       0.00844        0.01458      0.02202  0.020220  23.047  0.46222   \n3       0.01265        0.01963      0.03317  0.027837  24.445  0.48730   \n4       0.00929        0.01819      0.02036  0.011625  26.126  0.47188   \n\n       DFA      PPE  \n0  0.54842  0.16006  \n1  0.56477  0.10810  \n2  0.54405  0.21014  \n3  0.57794  0.33277  \n4  0.56122  0.19361  \n\n[5 rows x 22 columns]",
      "text/html": "<div>\n<style scoped>\n    .dataframe tbody tr th:only-of-type {\n        vertical-align: middle;\n    }\n\n    .dataframe tbody tr th {\n        vertical-align: top;\n    }\n\n    .dataframe thead th {\n        text-align: right;\n    }\n</style>\n<table border=\"1\" class=\"dataframe\">\n  <thead>\n    <tr style=\"text-align: right;\">\n      <th></th>\n      <th>subject#</th>\n      <th>age</th>\n      <th>sex</th>\n      <th>test_time</th>\n      <th>motor_UPDRS</th>\n      <th>total_UPDRS</th>\n      <th>Jitter(%)</th>\n      <th>Jitter(Abs)</th>\n      <th>Jitter:RAP</th>\n      <th>Jitter:PPQ5</th>\n      <th>...</th>\n      <th>Shimmer(dB)</th>\n      <th>Shimmer:APQ3</th>\n      <th>Shimmer:APQ5</th>\n      <th>Shimmer:APQ11</th>\n      <th>Shimmer:DDA</th>\n      <th>NHR</th>\n      <th>HNR</th>\n      <th>RPDE</th>\n      <th>DFA</th>\n      <th>PPE</th>\n    </tr>\n  </thead>\n  <tbody>\n    <tr>\n      <th>0</th>\n      <td>1</td>\n      <td>72</td>\n      <td>0</td>\n      <td>5.6431</td>\n      <td>28.199</td>\n      <td>34.398</td>\n      <td>0.00662</td>\n      <td>0.000034</td>\n      <td>0.00401</td>\n      <td>0.00317</td>\n      <td>...</td>\n      <td>0.230</td>\n      <td>0.01438</td>\n      <td>0.01309</td>\n      <td>0.01662</td>\n      <td>0.04314</td>\n      <td>0.014290</td>\n      <td>21.640</td>\n      <td>0.41888</td>\n      <td>0.54842</td>\n      <td>0.16006</td>\n    </tr>\n    <tr>\n      <th>1</th>\n      <td>1</td>\n      <td>72</td>\n      <td>0</td>\n      <td>12.6660</td>\n      <td>28.447</td>\n      <td>34.894</td>\n      <td>0.00300</td>\n      <td>0.000017</td>\n      <td>0.00132</td>\n      <td>0.00150</td>\n      <td>...</td>\n      <td>0.179</td>\n      <td>0.00994</td>\n      <td>0.01072</td>\n      <td>0.01689</td>\n      <td>0.02982</td>\n      <td>0.011112</td>\n      <td>27.183</td>\n      <td>0.43493</td>\n      <td>0.56477</td>\n      <td>0.10810</td>\n    </tr>\n    <tr>\n      <th>2</th>\n      <td>1</td>\n      <td>72</td>\n      <td>0</td>\n      <td>19.6810</td>\n      <td>28.695</td>\n      <td>35.389</td>\n      <td>0.00481</td>\n      <td>0.000025</td>\n      <td>0.00205</td>\n      <td>0.00208</td>\n      <td>...</td>\n      <td>0.181</td>\n      <td>0.00734</td>\n      <td>0.00844</td>\n      <td>0.01458</td>\n      <td>0.02202</td>\n      <td>0.020220</td>\n      <td>23.047</td>\n      <td>0.46222</td>\n      <td>0.54405</td>\n      <td>0.21014</td>\n    </tr>\n    <tr>\n      <th>3</th>\n      <td>1</td>\n      <td>72</td>\n      <td>0</td>\n      <td>25.6470</td>\n      <td>28.905</td>\n      <td>35.810</td>\n      <td>0.00528</td>\n      <td>0.000027</td>\n      <td>0.00191</td>\n      <td>0.00264</td>\n      <td>...</td>\n      <td>0.327</td>\n      <td>0.01106</td>\n      <td>0.01265</td>\n      <td>0.01963</td>\n      <td>0.03317</td>\n      <td>0.027837</td>\n      <td>24.445</td>\n      <td>0.48730</td>\n      <td>0.57794</td>\n      <td>0.33277</td>\n    </tr>\n    <tr>\n      <th>4</th>\n      <td>1</td>\n      <td>72</td>\n      <td>0</td>\n      <td>33.6420</td>\n      <td>29.187</td>\n      <td>36.375</td>\n      <td>0.00335</td>\n      <td>0.000020</td>\n      <td>0.00093</td>\n      <td>0.00130</td>\n      <td>...</td>\n      <td>0.176</td>\n      <td>0.00679</td>\n      <td>0.00929</td>\n      <td>0.01819</td>\n      <td>0.02036</td>\n      <td>0.011625</td>\n      <td>26.126</td>\n      <td>0.47188</td>\n      <td>0.56122</td>\n      <td>0.19361</td>\n    </tr>\n  </tbody>\n</table>\n<p>5 rows × 22 columns</p>\n</div>"
     },
     "execution_count": 23,
     "metadata": {},
     "output_type": "execute_result"
    }
   ],
   "source": [
    "df.head()\n"
   ],
   "metadata": {
    "collapsed": false,
    "ExecuteTime": {
     "end_time": "2024-04-21T17:33:35.340614Z",
     "start_time": "2024-04-21T17:33:35.318162Z"
    }
   },
   "id": "c91be1cf4c94edcf",
   "execution_count": 23
  },
  {
   "cell_type": "code",
   "outputs": [
    {
     "data": {
      "text/plain": "   age  sex  test_time  motor_UPDRS  total_UPDRS  Jitter(%)  Jitter(Abs)  \\\n0   72    0     5.6431       28.199       34.398    0.00662     0.000034   \n1   72    0    12.6660       28.447       34.894    0.00300     0.000017   \n2   72    0    19.6810       28.695       35.389    0.00481     0.000025   \n3   72    0    25.6470       28.905       35.810    0.00528     0.000027   \n4   72    0    33.6420       29.187       36.375    0.00335     0.000020   \n\n   Jitter:RAP  Jitter:PPQ5  Jitter:DDP  ...  Shimmer(dB)  Shimmer:APQ3  \\\n0     0.00401      0.00317     0.01204  ...        0.230       0.01438   \n1     0.00132      0.00150     0.00395  ...        0.179       0.00994   \n2     0.00205      0.00208     0.00616  ...        0.181       0.00734   \n3     0.00191      0.00264     0.00573  ...        0.327       0.01106   \n4     0.00093      0.00130     0.00278  ...        0.176       0.00679   \n\n   Shimmer:APQ5  Shimmer:APQ11  Shimmer:DDA       NHR     HNR     RPDE  \\\n0       0.01309        0.01662      0.04314  0.014290  21.640  0.41888   \n1       0.01072        0.01689      0.02982  0.011112  27.183  0.43493   \n2       0.00844        0.01458      0.02202  0.020220  23.047  0.46222   \n3       0.01265        0.01963      0.03317  0.027837  24.445  0.48730   \n4       0.00929        0.01819      0.02036  0.011625  26.126  0.47188   \n\n       DFA      PPE  \n0  0.54842  0.16006  \n1  0.56477  0.10810  \n2  0.54405  0.21014  \n3  0.57794  0.33277  \n4  0.56122  0.19361  \n\n[5 rows x 21 columns]",
      "text/html": "<div>\n<style scoped>\n    .dataframe tbody tr th:only-of-type {\n        vertical-align: middle;\n    }\n\n    .dataframe tbody tr th {\n        vertical-align: top;\n    }\n\n    .dataframe thead th {\n        text-align: right;\n    }\n</style>\n<table border=\"1\" class=\"dataframe\">\n  <thead>\n    <tr style=\"text-align: right;\">\n      <th></th>\n      <th>age</th>\n      <th>sex</th>\n      <th>test_time</th>\n      <th>motor_UPDRS</th>\n      <th>total_UPDRS</th>\n      <th>Jitter(%)</th>\n      <th>Jitter(Abs)</th>\n      <th>Jitter:RAP</th>\n      <th>Jitter:PPQ5</th>\n      <th>Jitter:DDP</th>\n      <th>...</th>\n      <th>Shimmer(dB)</th>\n      <th>Shimmer:APQ3</th>\n      <th>Shimmer:APQ5</th>\n      <th>Shimmer:APQ11</th>\n      <th>Shimmer:DDA</th>\n      <th>NHR</th>\n      <th>HNR</th>\n      <th>RPDE</th>\n      <th>DFA</th>\n      <th>PPE</th>\n    </tr>\n  </thead>\n  <tbody>\n    <tr>\n      <th>0</th>\n      <td>72</td>\n      <td>0</td>\n      <td>5.6431</td>\n      <td>28.199</td>\n      <td>34.398</td>\n      <td>0.00662</td>\n      <td>0.000034</td>\n      <td>0.00401</td>\n      <td>0.00317</td>\n      <td>0.01204</td>\n      <td>...</td>\n      <td>0.230</td>\n      <td>0.01438</td>\n      <td>0.01309</td>\n      <td>0.01662</td>\n      <td>0.04314</td>\n      <td>0.014290</td>\n      <td>21.640</td>\n      <td>0.41888</td>\n      <td>0.54842</td>\n      <td>0.16006</td>\n    </tr>\n    <tr>\n      <th>1</th>\n      <td>72</td>\n      <td>0</td>\n      <td>12.6660</td>\n      <td>28.447</td>\n      <td>34.894</td>\n      <td>0.00300</td>\n      <td>0.000017</td>\n      <td>0.00132</td>\n      <td>0.00150</td>\n      <td>0.00395</td>\n      <td>...</td>\n      <td>0.179</td>\n      <td>0.00994</td>\n      <td>0.01072</td>\n      <td>0.01689</td>\n      <td>0.02982</td>\n      <td>0.011112</td>\n      <td>27.183</td>\n      <td>0.43493</td>\n      <td>0.56477</td>\n      <td>0.10810</td>\n    </tr>\n    <tr>\n      <th>2</th>\n      <td>72</td>\n      <td>0</td>\n      <td>19.6810</td>\n      <td>28.695</td>\n      <td>35.389</td>\n      <td>0.00481</td>\n      <td>0.000025</td>\n      <td>0.00205</td>\n      <td>0.00208</td>\n      <td>0.00616</td>\n      <td>...</td>\n      <td>0.181</td>\n      <td>0.00734</td>\n      <td>0.00844</td>\n      <td>0.01458</td>\n      <td>0.02202</td>\n      <td>0.020220</td>\n      <td>23.047</td>\n      <td>0.46222</td>\n      <td>0.54405</td>\n      <td>0.21014</td>\n    </tr>\n    <tr>\n      <th>3</th>\n      <td>72</td>\n      <td>0</td>\n      <td>25.6470</td>\n      <td>28.905</td>\n      <td>35.810</td>\n      <td>0.00528</td>\n      <td>0.000027</td>\n      <td>0.00191</td>\n      <td>0.00264</td>\n      <td>0.00573</td>\n      <td>...</td>\n      <td>0.327</td>\n      <td>0.01106</td>\n      <td>0.01265</td>\n      <td>0.01963</td>\n      <td>0.03317</td>\n      <td>0.027837</td>\n      <td>24.445</td>\n      <td>0.48730</td>\n      <td>0.57794</td>\n      <td>0.33277</td>\n    </tr>\n    <tr>\n      <th>4</th>\n      <td>72</td>\n      <td>0</td>\n      <td>33.6420</td>\n      <td>29.187</td>\n      <td>36.375</td>\n      <td>0.00335</td>\n      <td>0.000020</td>\n      <td>0.00093</td>\n      <td>0.00130</td>\n      <td>0.00278</td>\n      <td>...</td>\n      <td>0.176</td>\n      <td>0.00679</td>\n      <td>0.00929</td>\n      <td>0.01819</td>\n      <td>0.02036</td>\n      <td>0.011625</td>\n      <td>26.126</td>\n      <td>0.47188</td>\n      <td>0.56122</td>\n      <td>0.19361</td>\n    </tr>\n  </tbody>\n</table>\n<p>5 rows × 21 columns</p>\n</div>"
     },
     "execution_count": 40,
     "metadata": {},
     "output_type": "execute_result"
    }
   ],
   "source": [
    "df.head()\n"
   ],
   "metadata": {
    "collapsed": false,
    "ExecuteTime": {
     "end_time": "2024-04-21T17:43:16.482420Z",
     "start_time": "2024-04-21T17:43:16.458797Z"
    }
   },
   "id": "cc0e38e469f4c781",
   "execution_count": 40
  },
  {
   "cell_type": "code",
   "outputs": [
    {
     "name": "stdout",
     "output_type": "stream",
     "text": [
      "Number of samples: 5875\n",
      "Number of features: 21\n"
     ]
    }
   ],
   "source": [
    "X = df.iloc[:, :].values\n",
    "#not correct\n",
    "y = df.iloc[:,-1].values\n",
    "\n",
    "n_samples, n_features = X.shape\n",
    "\n",
    "print('Number of samples:', n_samples)\n",
    "print('Number of features:', n_features)\n"
   ],
   "metadata": {
    "collapsed": false,
    "ExecuteTime": {
     "end_time": "2024-04-21T17:43:58.772104Z",
     "start_time": "2024-04-21T17:43:58.765397Z"
    }
   },
   "id": "64d7828c200904a5",
   "execution_count": 41
  },
  {
   "cell_type": "code",
   "outputs": [
    {
     "name": "stdout",
     "output_type": "stream",
     "text": [
      "(5875, 21)\n"
     ]
    }
   ],
   "source": [
    "print(X.shape)"
   ],
   "metadata": {
    "collapsed": false,
    "ExecuteTime": {
     "end_time": "2024-04-21T17:44:01.671647Z",
     "start_time": "2024-04-21T17:44:01.664634Z"
    }
   },
   "id": "b2c1e1c6afdc88b0",
   "execution_count": 42
  },
  {
   "cell_type": "code",
   "execution_count": 43,
   "outputs": [],
   "source": [
    "def mean(x): # np.mean(X, axis = 0)\n",
    "    return sum(x)/len(x)\n",
    "\n",
    "def std(x): # np.std(X, axis = 0)\n",
    "    return (sum((i - mean(x))**2 for i in x)/len(x))**0.5\n",
    "\n",
    "def Standardize_data(X):\n",
    "    return (X - mean(X))/std(X)\n",
    "\n",
    "X_std = Standardize_data(X)\n"
   ],
   "metadata": {
    "collapsed": false,
    "ExecuteTime": {
     "end_time": "2024-04-21T17:45:16.108662Z",
     "start_time": "2024-04-21T17:44:51.441959Z"
    }
   },
   "id": "5359b0f8f5fd282d"
  },
  {
   "cell_type": "code",
   "outputs": [
    {
     "name": "stdout",
     "output_type": "stream",
     "text": [
      "[[ 0.81569539 -0.68250887 -1.63209025 ... -1.21406557 -1.47849968\n",
      "  -0.65065821]\n",
      " [ 0.81569539 -0.68250887 -1.5006763  ... -1.05511879 -1.24788006\n",
      "  -1.21858474]\n",
      " [ 0.81569539 -0.68250887 -1.36941017 ... -0.78485974 -1.5401393\n",
      "  -0.10328021]\n",
      " ...\n",
      " [-0.43136086 -0.68250887  1.19676305 ... -0.62937908 -1.04885603\n",
      "  -0.85275524]\n",
      " [-0.43136086 -0.68250887  1.32606439 ...  0.26914065 -1.26903782\n",
      "  -0.8476181 ]\n",
      " [-0.43136086 -0.68250887  1.45704984 ...  0.44175389 -1.163249\n",
      "  -0.72388969]]\n"
     ]
    }
   ],
   "source": [
    "print(X_std)"
   ],
   "metadata": {
    "collapsed": false,
    "ExecuteTime": {
     "end_time": "2024-04-21T17:45:19.317062Z",
     "start_time": "2024-04-21T17:45:19.311849Z"
    }
   },
   "id": "fa0e467da829e2c9",
   "execution_count": 44
  },
  {
   "cell_type": "code",
   "execution_count": 45,
   "outputs": [],
   "source": [
    "def covariance(x):\n",
    "    return (x.T @ x)/(x.shape[0]-1)\n",
    "\n",
    "cov_mat = covariance(X_std) # np.cov(X_std.T)"
   ],
   "metadata": {
    "collapsed": false,
    "ExecuteTime": {
     "end_time": "2024-04-21T17:45:40.608932Z",
     "start_time": "2024-04-21T17:45:40.597503Z"
    }
   },
   "id": "d65ecabbde4acb05"
  },
  {
   "cell_type": "code",
   "execution_count": 46,
   "outputs": [
    {
     "name": "stdout",
     "output_type": "stream",
     "text": [
      "[[ 1.00017024e+00 -4.16088115e-02  1.98872286e-02  2.73711350e-01\n",
      "   3.10342753e-01  2.30751092e-02  3.56974166e-02  1.02567341e-02\n",
      "   1.32016139e-02  1.02595818e-02  1.01571144e-01  1.11148583e-01\n",
      "   9.89291396e-02  8.99982118e-02  1.35260967e-01  9.89299618e-02\n",
      "   7.09390599e-03 -1.04859917e-01  9.02236764e-02 -9.28859692e-02\n",
      "   1.20810316e-01]\n",
      " [-4.16088115e-02  1.00017024e+00 -9.80665300e-03 -3.12103268e-02\n",
      "  -9.65753189e-02  5.14303716e-02 -1.54671628e-01  7.67312809e-02\n",
      "   8.80097484e-02  7.67162265e-02  5.87457853e-02  5.64901472e-02\n",
      "   4.49448497e-02  6.48303322e-02  2.33638394e-02  4.49452448e-02\n",
      "   1.68198149e-01 -1.67140742e-04 -1.59289554e-01 -1.65141580e-01\n",
      "  -9.99176919e-02]\n",
      " [ 1.98872286e-02 -9.80665300e-03  1.00017024e+00  6.79298266e-02\n",
      "   7.52754733e-02 -2.28409805e-02 -1.13667464e-02 -2.88927497e-02\n",
      "  -2.32938732e-02 -2.88808986e-02 -3.38759459e-02 -3.09676832e-02\n",
      "  -2.90246333e-02 -3.65106408e-02 -3.91163539e-02 -2.90217992e-02\n",
      "  -2.63615203e-02  3.65510852e-02 -3.88935944e-02  1.92641576e-02\n",
      "  -5.63465960e-04]\n",
      " [ 2.73711350e-01 -3.12103268e-02  6.79298266e-02  1.00017024e+00\n",
      "   9.47392572e-01  8.48301959e-02  5.09119463e-02  7.26959042e-02\n",
      "   7.63038606e-02  7.27102957e-02  1.02366124e-01  1.10094737e-01\n",
      "   8.42749037e-02  9.21208525e-02  1.36583537e-01  8.42747381e-02\n",
      "   7.49800330e-02 -1.57055312e-01  1.28629294e-01 -1.16262270e-01\n",
      "   1.62460626e-01]\n",
      " [ 3.10342753e-01 -9.65753189e-02  7.52754733e-02  9.47392572e-01\n",
      "   1.00017024e+00  7.42593088e-02  6.69381280e-02  6.40263152e-02\n",
      "   6.33625604e-02  6.40383574e-02  9.21566000e-02  9.88065487e-02\n",
      "   7.93762292e-02  8.34814616e-02  1.20858076e-01  7.93767532e-02\n",
      "   6.09620205e-02 -1.62144428e-01  1.56923217e-01 -1.13494148e-01\n",
      "   1.56221466e-01]\n",
      " [ 2.30751092e-02  5.14303716e-02 -2.28409805e-02  8.48301959e-02\n",
      "   7.42593088e-02  1.00017024e+00  8.65724577e-01  9.84348294e-01\n",
      "   9.68379263e-01  9.84351092e-01  7.09911952e-01  7.16826005e-01\n",
      "   6.64261807e-01  6.94119791e-01  6.46075159e-01  6.64260523e-01\n",
      "   8.25434155e-01 -6.75303189e-01  4.27200250e-01  2.26588508e-01\n",
      "   7.21971703e-01]\n",
      " [ 3.56974166e-02 -1.54671628e-01 -1.13667464e-02  5.09119463e-02\n",
      "   6.69381280e-02  8.65724577e-01  1.00017024e+00  8.44770071e-01\n",
      "   7.90672233e-01  8.44774146e-01  6.49156870e-01  6.55982337e-01\n",
      "   6.23936038e-01  6.21506602e-01  5.90098860e-01  6.23933697e-01\n",
      "   7.00079059e-01 -7.06538312e-01  5.47192739e-01  3.52323833e-01\n",
      "   7.87986965e-01]\n",
      " [ 1.02567341e-02  7.67312809e-02 -2.88927497e-02  7.26959042e-02\n",
      "   6.40263152e-02  9.84348294e-01  8.44770071e-01  1.00017024e+00\n",
      "   9.47357186e-01  1.00016986e+00  6.81845072e-01  6.85667245e-01\n",
      "   6.50336834e-01  6.59943537e-01  6.03184351e-01  6.50335349e-01\n",
      "   7.92507623e-01 -6.41582009e-01  3.82956063e-01  2.14917904e-01\n",
      "   6.70766271e-01]\n",
      " [ 1.32016139e-02  8.80097484e-02 -2.32938732e-02  7.63038606e-02\n",
      "   6.33625604e-02  9.68379263e-01  7.90672233e-01  9.47357186e-01\n",
      "   1.00017024e+00  9.47363817e-01  7.32872223e-01  7.34715850e-01\n",
      "   6.76826697e-01  7.34145713e-01  6.68527273e-01  6.76825374e-01\n",
      "   8.65011488e-01 -6.62521628e-01  3.81567927e-01  1.75388394e-01\n",
      "   6.63604398e-01]\n",
      " [ 1.02595818e-02  7.67162265e-02 -2.88808986e-02  7.27102957e-02\n",
      "   6.40383574e-02  9.84351092e-01  8.44774146e-01  1.00016986e+00\n",
      "   9.47363817e-01  1.00017024e+00  6.81849824e-01  6.85672842e-01\n",
      "   6.50338853e-01  6.59945525e-01  6.03193003e-01  6.50337370e-01\n",
      "   7.92512206e-01 -6.41590978e-01  3.82950980e-01  2.14929575e-01\n",
      "   6.70774521e-01]\n",
      " [ 1.01571144e-01  5.87457853e-02 -3.38759459e-02  1.02366124e-01\n",
      "   9.21566000e-02  7.09911952e-01  6.49156870e-01  6.81845072e-01\n",
      "   7.32872223e-01  6.81849824e-01  1.00017024e+00  9.92503010e-01\n",
      "   9.79994848e-01  9.85071987e-01  9.35616098e-01  9.79994119e-01\n",
      "   7.95293854e-01 -8.01552436e-01  4.68314268e-01  1.32562502e-01\n",
      "   6.15813378e-01]\n",
      " [ 1.11148583e-01  5.64901472e-02 -3.09676832e-02  1.10094737e-01\n",
      "   9.88065487e-02  7.16826005e-01  6.55982337e-01  6.85667245e-01\n",
      "   7.34715850e-01  6.85672842e-01  9.92503010e-01  1.00017024e+00\n",
      "   9.68179596e-01  9.76538793e-01  9.36497522e-01  9.68179068e-01\n",
      "   7.98212838e-01 -8.02633080e-01  4.72489014e-01  1.26132639e-01\n",
      "   6.35270809e-01]\n",
      " [ 9.89291396e-02  4.49448497e-02 -2.90246333e-02  8.42749037e-02\n",
      "   7.93762292e-02  6.64261807e-01  6.23936038e-01  6.50336834e-01\n",
      "   6.76826697e-01  6.50338853e-01  9.79994848e-01  9.68179596e-01\n",
      "   1.00017024e+00  9.62886858e-01  8.85846155e-01  1.00017022e+00\n",
      "   7.32861086e-01 -7.80829797e-01  4.36952473e-01  1.30757257e-01\n",
      "   5.76802130e-01]\n",
      " [ 8.99982118e-02  6.48303322e-02 -3.65106408e-02  9.21208525e-02\n",
      "   8.34814616e-02  6.94119791e-01  6.21506602e-01  6.59943537e-01\n",
      "   7.34145713e-01  6.59945525e-01  9.85071987e-01  9.76538793e-01\n",
      "   9.62886858e-01  1.00017024e+00  9.39094788e-01  9.62886972e-01\n",
      "   7.98309030e-01 -7.90772816e-01  4.50966661e-01  1.28059334e-01\n",
      "   5.93777615e-01]\n",
      " [ 1.35260967e-01  2.33638394e-02 -3.91163539e-02  1.36583537e-01\n",
      "   1.20858076e-01  6.46075159e-01  5.90098860e-01  6.03184351e-01\n",
      "   6.68527273e-01  6.03193003e-01  9.35616098e-01  9.36497522e-01\n",
      "   8.85846155e-01  9.39094788e-01  1.00017024e+00  8.85844924e-01\n",
      "   7.11667305e-01 -7.78106790e-01  4.80820401e-01  1.79678232e-01\n",
      "   6.23522186e-01]\n",
      " [ 9.89299618e-02  4.49452448e-02 -2.90217992e-02  8.42747381e-02\n",
      "   7.93767532e-02  6.64260523e-01  6.23933697e-01  6.50335349e-01\n",
      "   6.76825374e-01  6.50337370e-01  9.79994119e-01  9.68179068e-01\n",
      "   1.00017022e+00  9.62886972e-01  8.85844924e-01  1.00017024e+00\n",
      "   7.32858725e-01 -7.80829202e-01  4.36946811e-01  1.30758174e-01\n",
      "   5.76800375e-01]\n",
      " [ 7.09390599e-03  1.68198149e-01 -2.63615203e-02  7.49800330e-02\n",
      "   6.09620205e-02  8.25434155e-01  7.00079059e-01  7.92507623e-01\n",
      "   8.65011488e-01  7.92512206e-01  7.95293854e-01  7.98212838e-01\n",
      "   7.32861086e-01  7.98309030e-01  7.11667305e-01  7.32858725e-01\n",
      "   1.00017024e+00 -6.84528373e-01  4.16730576e-01 -2.20915397e-02\n",
      "   5.64750600e-01]\n",
      " [-1.04859917e-01 -1.67140742e-04  3.65510852e-02 -1.57055312e-01\n",
      "  -1.62144428e-01 -6.75303189e-01 -7.06538312e-01 -6.41582009e-01\n",
      "  -6.62521628e-01 -6.41590978e-01 -8.01552436e-01 -8.02633080e-01\n",
      "  -7.80829797e-01 -7.90772816e-01 -7.78106790e-01 -7.80829202e-01\n",
      "  -6.84528373e-01  1.00017024e+00 -6.59165351e-01 -2.90568910e-01\n",
      "  -7.58851372e-01]\n",
      " [ 9.02236764e-02 -1.59289554e-01 -3.88935944e-02  1.28629294e-01\n",
      "   1.56923217e-01  4.27200250e-01  5.47192739e-01  3.82956063e-01\n",
      "   3.81567927e-01  3.82950980e-01  4.68314268e-01  4.72489014e-01\n",
      "   4.36952473e-01  4.50966661e-01  4.80820401e-01  4.36946811e-01\n",
      "   4.16730576e-01 -6.59165351e-01  1.00017024e+00  1.92062766e-01\n",
      "   5.66161223e-01]\n",
      " [-9.28859692e-02 -1.65141580e-01  1.92641576e-02 -1.16262270e-01\n",
      "  -1.13494148e-01  2.26588508e-01  3.52323833e-01  2.14917904e-01\n",
      "   1.75388394e-01  2.14929575e-01  1.32562502e-01  1.26132639e-01\n",
      "   1.30757257e-01  1.28059334e-01  1.79678232e-01  1.30758174e-01\n",
      "  -2.20915397e-02 -2.90568910e-01  1.92062766e-01  1.00017024e+00\n",
      "   3.94716841e-01]\n",
      " [ 1.20810316e-01 -9.99176919e-02 -5.63465960e-04  1.62460626e-01\n",
      "   1.56221466e-01  7.21971703e-01  7.87986965e-01  6.70766271e-01\n",
      "   6.63604398e-01  6.70774521e-01  6.15813378e-01  6.35270809e-01\n",
      "   5.76802130e-01  5.93777615e-01  6.23522186e-01  5.76800375e-01\n",
      "   5.64750600e-01 -7.58851372e-01  5.66161223e-01  3.94716841e-01\n",
      "   1.00017024e+00]]\n"
     ]
    }
   ],
   "source": [
    "print(cov_mat)"
   ],
   "metadata": {
    "collapsed": false,
    "ExecuteTime": {
     "end_time": "2024-04-21T17:45:47.913574Z",
     "start_time": "2024-04-21T17:45:47.904573Z"
    }
   },
   "id": "76dd522f6a14069b"
  },
  {
   "cell_type": "code",
   "outputs": [],
   "source": [
    "from numpy import array,identity,diagonal\n",
    "from math import sqrt\n",
    "\n",
    "def jacobi(a,tol = 1.0e-9): # Jacobi method\n",
    "\n",
    "    def maxElem(a): # Find largest off-diag. element a[k,l]\n",
    "        n = len(a)\n",
    "        aMax = 0.0\n",
    "        for i in range(n-1):\n",
    "            for j in range(i+1,n):\n",
    "                if abs(a[i,j]) >= aMax:\n",
    "                    aMax = abs(a[i,j])\n",
    "                    k = i; l = j\n",
    "        return aMax,k,l\n",
    "\n",
    "    def rotate(a,p,k,l): # Rotate to make a[k,l] = 0\n",
    "        n = len(a)\n",
    "        aDiff = a[l,l] - a[k,k]\n",
    "        if abs(a[k,l]) < abs(aDiff)*1.0e-36: t = a[k,l]/aDiff\n",
    "        else:\n",
    "            phi = aDiff/(2.0*a[k,l])\n",
    "            t = 1.0/(abs(phi) + sqrt(phi**2 + 1.0))\n",
    "            if phi < 0.0: t = -t\n",
    "        c = 1.0/sqrt(t**2 + 1.0); s = t*c\n",
    "        tau = s/(1.0 + c)\n",
    "        temp = a[k,l]\n",
    "        a[k,l] = 0.0\n",
    "        a[k,k] = a[k,k] - t*temp\n",
    "        a[l,l] = a[l,l] + t*temp\n",
    "        for i in range(k):      # Case of i < k\n",
    "            temp = a[i,k]\n",
    "            a[i,k] = temp - s*(a[i,l] + tau*temp)\n",
    "            a[i,l] = a[i,l] + s*(temp - tau*a[i,l])\n",
    "        for i in range(k+1,l):  # Case of k < i < l\n",
    "            temp = a[k,i]\n",
    "            a[k,i] = temp - s*(a[i,l] + tau*a[k,i])\n",
    "            a[i,l] = a[i,l] + s*(temp - tau*a[i,l])\n",
    "        for i in range(l+1,n):  # Case of i > l\n",
    "            temp = a[k,i]\n",
    "            a[k,i] = temp - s*(a[l,i] + tau*temp)\n",
    "            a[l,i] = a[l,i] + s*(temp - tau*a[l,i])\n",
    "        for i in range(n):      # Update transformation matrix\n",
    "            temp = p[i,k]\n",
    "            p[i,k] = temp - s*(p[i,l] + tau*p[i,k])\n",
    "            p[i,l] = p[i,l] + s*(temp - tau*p[i,l])\n",
    "        \n",
    "    n = len(a)\n",
    "    maxRot = 5*(n**2)       # Set limit on number of rotations\n",
    "    p = identity(n)*1.0     # Initialize transformation matrix\n",
    "    for i in range(maxRot): # Jacobi rotation loop \n",
    "        aMax,k,l = maxElem(a)\n",
    "        if aMax < tol: return diagonal(a),p\n",
    "        rotate(a,p,k,l)\n",
    "    print ('Jacobi method did not converge')"
   ],
   "metadata": {
    "collapsed": false,
    "ExecuteTime": {
     "end_time": "2024-04-21T17:57:48.445157Z",
     "start_time": "2024-04-21T17:57:48.425Z"
    }
   },
   "id": "c4661e20456d444",
   "execution_count": 55
  },
  {
   "cell_type": "code",
   "outputs": [
    {
     "name": "stdout",
     "output_type": "stream",
     "text": [
      "[8.34465441e-01 1.43539427e+00 9.98473314e-01 4.86956550e-02\n",
      " 2.18074191e+00 1.70146547e+00 9.88754856e-02 3.77656507e-07\n",
      " 4.03181586e-02 8.63480017e-03 4.44749606e-03 2.01690861e-02\n",
      " 2.08431949e-08 1.38300302e-02 2.06664124e-01 1.13002319e+01\n",
      " 1.48032738e-01 1.69373027e-01 7.03886042e-01 7.96475413e-01\n",
      " 2.93400298e-01]\n"
     ]
    }
   ],
   "source": [
    "# A = np.array([\n",
    "#         [7.0, -1.0, -2.0, 3.0],\n",
    "#         [-1.0, 6.0, 0.0, 2.0],\n",
    "#         [-2.0, 0.0, 5.0, 1.0],\n",
    "#         [3.0, 2.0, 1.0, 7.0]\n",
    "#     ])\n",
    "eig_vals,eig_vecs=jacobi(cov_mat)\n",
    "print(eig_vals)"
   ],
   "metadata": {
    "collapsed": false,
    "ExecuteTime": {
     "end_time": "2024-04-21T18:17:58.854482Z",
     "start_time": "2024-04-21T18:17:58.848988Z"
    }
   },
   "id": "86d08a752871f8ae",
   "execution_count": 61
  },
  {
   "cell_type": "code",
   "outputs": [
    {
     "name": "stdout",
     "output_type": "stream",
     "text": [
      "Eigenvalues \n",
      " [ 1.13002319e+01+0.j          2.18074191e+00+0.j\n",
      "  1.70146544e+00+0.j          1.43539428e+00+0.j\n",
      "  9.98473317e-01+0.j          8.34465521e-01+0.j\n",
      "  7.96478735e-01+0.j          7.03883908e-01+0.j\n",
      " -5.05411653e-02+0.j         -3.84712226e-02+0.0408141j\n",
      " -3.84712226e-02-0.0408141j  -1.43847369e-03+0.07388655j\n",
      " -1.43847369e-03-0.07388655j  6.22270188e-02+0.08930383j\n",
      "  6.22270188e-02-0.08930383j  4.11080504e-02+0.j\n",
      "  1.49338941e-01+0.07479538j  1.49338941e-01-0.07479538j\n",
      "  2.13708902e-01+0.01444356j  2.13708902e-01-0.01444356j\n",
      "  2.91142835e-01+0.j        ]\n",
      "Eigenvectors \n",
      " [[ 7.85264652e-13-0.00000000e+00j -2.58637271e-12+0.00000000e+00j\n",
      "   4.19184316e-12-0.00000000e+00j -5.02528999e-12+0.00000000e+00j\n",
      "  -6.40878902e-13+0.00000000e+00j -1.55863185e-11+0.00000000e+00j\n",
      "  -3.79929602e-11+0.00000000e+00j -6.45413260e-12+0.00000000e+00j\n",
      "   7.36611599e-13-0.00000000e+00j -5.21574300e-11+0.00000000e+00j\n",
      "  -4.84841330e-12+0.00000000e+00j -7.24054426e-12+0.00000000e+00j\n",
      "  -7.51574825e-12+0.00000000e+00j -8.09598051e-12+0.00000000e+00j\n",
      "  -5.29945461e-12+0.00000000e+00j  9.91856520e-01-0.00000000e+00j\n",
      "   6.51791358e-02-0.00000000e+00j -7.35870890e-02+0.00000000e+00j\n",
      "   4.80407820e-02-0.00000000e+00j  1.51243420e-02-0.00000000e+00j\n",
      "   6.34082102e-02-0.00000000e+00j]\n",
      " [ 8.53200603e-11+0.00000000e+00j  1.74098624e-12+0.00000000e+00j\n",
      "   1.79877346e-10+0.00000000e+00j -1.62781344e-10+0.00000000e+00j\n",
      "   1.59592851e-01+0.00000000e+00j  2.47273880e-02+0.00000000e+00j\n",
      "   1.54140312e-02+0.00000000e+00j  2.18181823e-02+0.00000000e+00j\n",
      "   3.12623891e-02+0.00000000e+00j  4.55873540e-02+0.00000000e+00j\n",
      "   5.10682803e-02+0.00000000e+00j  7.56641026e-02+0.00000000e+00j\n",
      "   1.04097333e-01+0.00000000e+00j  1.53181421e-01+0.00000000e+00j\n",
      "   2.33335994e-01+0.00000000e+00j -7.51489572e-02+0.00000000e+00j\n",
      "   2.61701127e-01+0.00000000e+00j -3.59718632e-01+0.00000000e+00j\n",
      "   4.61483732e-01+0.00000000e+00j  2.03650729e-01+0.00000000e+00j\n",
      "   6.44280064e-01+0.00000000e+00j]\n",
      " [-2.40080911e-11+0.00000000e+00j -3.59652662e-10+0.00000000e+00j\n",
      "   2.60087002e-10-0.00000000e+00j -2.43375048e-10+0.00000000e+00j\n",
      "   4.43859730e-10-0.00000000e+00j  1.10461771e-02-0.00000000e+00j\n",
      "   5.96718271e-03-0.00000000e+00j  9.35322339e-03-0.00000000e+00j\n",
      "   1.46138869e-02-0.00000000e+00j  2.31055120e-02-0.00000000e+00j\n",
      "   2.62563524e-02-0.00000000e+00j  4.21610012e-02-0.00000000e+00j\n",
      "   6.38340518e-02-0.00000000e+00j  1.01933708e-01-0.00000000e+00j\n",
      "   1.71480029e-01-0.00000000e+00j -4.40172772e-02+0.00000000e+00j\n",
      "   2.08653916e-01-0.00000000e+00j -3.06383375e-01+0.00000000e+00j\n",
      "   4.85371005e-01-0.00000000e+00j  2.72971821e-01-0.00000000e+00j\n",
      "   7.09384572e-01-0.00000000e+00j]\n",
      " [-6.56524876e-11+0.00000000e+00j -1.64264587e-02+0.00000000e+00j\n",
      "   3.68690768e-04+0.00000000e+00j  3.87769752e-04+0.00000000e+00j\n",
      "  -2.65850979e-03+0.00000000e+00j  3.82516043e-03+0.00000000e+00j\n",
      "   4.25720773e-03+0.00000000e+00j  4.14419397e-03+0.00000000e+00j\n",
      "   6.74024601e-03+0.00000000e+00j  1.15500672e-02+0.00000000e+00j\n",
      "   1.39328674e-02+0.00000000e+00j  2.39657789e-02+0.00000000e+00j\n",
      "   3.89409936e-02+0.00000000e+00j  6.61005840e-02+0.00000000e+00j\n",
      "   1.22353789e-01+0.00000000e+00j -2.70533696e-02+0.00000000e+00j\n",
      "   1.55563832e-01+0.00000000e+00j -2.47537751e-01+0.00000000e+00j\n",
      "   4.84559738e-01+0.00000000e+00j  3.26062837e-01+0.00000000e+00j\n",
      "   7.41988807e-01+0.00000000e+00j]\n",
      " [-4.84243348e-10+0.00000000e+00j  2.74886694e-11-0.00000000e+00j\n",
      "   1.71111478e-02-0.00000000e+00j  1.22381980e-03-0.00000000e+00j\n",
      "  -2.07016187e-03+0.00000000e+00j  6.26959650e-04-0.00000000e+00j\n",
      "   3.02369076e-04-0.00000000e+00j  3.35124481e-04-0.00000000e+00j\n",
      "   7.59083091e-04-0.00000000e+00j  1.40338124e-03-0.00000000e+00j\n",
      "   1.74836762e-03-0.00000000e+00j  3.61143532e-03-0.00000000e+00j\n",
      "   6.91214201e-03-0.00000000e+00j  1.37587603e-02-0.00000000e+00j\n",
      "   3.21403414e-02-0.00000000e+00j -5.39077242e-03+0.00000000e+00j\n",
      "   4.88254927e-02-0.00000000e+00j -9.20100469e-02+0.00000000e+00j\n",
      "   3.61186939e-01-0.00000000e+00j  5.17965481e-01-0.00000000e+00j\n",
      "   7.67325888e-01-0.00000000e+00j]\n",
      " [-1.36914800e-03+0.00000000e+00j -9.48009503e-05+0.00000000e+00j\n",
      "   1.60351349e-04+0.00000000e+00j -4.59295230e-04+0.00000000e+00j\n",
      "   6.23060836e-04+0.00000000e+00j  3.78614391e-05+0.00000000e+00j\n",
      "   2.04812291e-05+0.00000000e+00j  4.20916299e-05+0.00000000e+00j\n",
      "   8.43845702e-05+0.00000000e+00j  1.90312954e-04+0.00000000e+00j\n",
      "   1.45560166e-04+0.00000000e+00j  3.13022198e-04+0.00000000e+00j\n",
      "   6.69026761e-04+0.00000000e+00j  1.48918623e-03+0.00000000e+00j\n",
      "   3.93836348e-03+0.00000000e+00j -5.87641301e-04+0.00000000e+00j\n",
      "   6.83727532e-03+0.00000000e+00j -1.42511731e-02+0.00000000e+00j\n",
      "   1.15888352e-01+0.00000000e+00j  7.21889260e-01+0.00000000e+00j\n",
      "   6.82037203e-01+0.00000000e+00j]\n",
      " [ 3.08061143e-09-0.00000000e+00j  2.00623642e-10-0.00000000e+00j\n",
      "  -2.93560924e-10+0.00000000e+00j  5.92305729e-10-0.00000000e+00j\n",
      "  -1.06858015e-09+0.00000000e+00j  2.94990772e-10-0.00000000e+00j\n",
      "   4.24716254e-10-0.00000000e+00j  8.48907476e-10-0.00000000e+00j\n",
      "   2.71792461e-09-0.00000000e+00j  5.20813801e-09-0.00000000e+00j\n",
      "   8.77939876e-09-0.00000000e+00j  2.01896951e-08-0.00000000e+00j\n",
      "   4.35398859e-08-0.00000000e+00j  9.84156413e-08-0.00000000e+00j\n",
      "   2.78751167e-07-0.00000000e+00j -3.99779727e-08+0.00000000e+00j\n",
      "   4.78657867e-07-0.00000000e+00j -1.04443380e-06+0.00000000e+00j\n",
      "   1.17225857e-05-0.00000000e+00j  7.86735214e-01-0.00000000e+00j\n",
      "   6.17290615e-01-0.00000000e+00j]\n",
      " [ 8.69827530e-10-0.00000000e+00j  4.86511913e-11-0.00000000e+00j\n",
      "  -5.71030012e-11+0.00000000e+00j  1.16349665e-10-0.00000000e+00j\n",
      "  -2.64618769e-10+0.00000000e+00j  1.22526608e-10-0.00000000e+00j\n",
      "   1.93571053e-10-0.00000000e+00j  4.06999211e-10-0.00000000e+00j\n",
      "   1.37427575e-09-0.00000000e+00j  2.37989803e-09-0.00000000e+00j\n",
      "   4.61431474e-09-0.00000000e+00j  1.14109908e-08-0.00000000e+00j\n",
      "   2.64160653e-08-0.00000000e+00j  6.41461164e-08-0.00000000e+00j\n",
      "   2.04220754e-07-0.00000000e+00j -2.71496598e-08+0.00000000e+00j\n",
      "   3.82150704e-07-0.00000000e+00j -9.09653042e-07+0.00000000e+00j\n",
      "  -4.19539696e-01+0.00000000e+00j  8.70248849e-01-0.00000000e+00j\n",
      "   2.58173168e-01-0.00000000e+00j]\n",
      " [-4.76604874e-11+0.00000000e+00j -1.56987469e-10+0.00000000e+00j\n",
      "   4.04553430e-10-0.00000000e+00j  9.41917359e-10-0.00000000e+00j\n",
      "  -4.10811520e-10+0.00000000e+00j  2.64422811e-12-0.00000000e+00j\n",
      "  -3.86212337e-10+0.00000000e+00j  7.90472915e-09-0.00000000e+00j\n",
      "  -8.13644053e-08+0.00000000e+00j  1.16543273e-06-0.00000000e+00j\n",
      "  -1.34614586e-05+0.00000000e+00j  1.78418370e-04-0.00000000e+00j\n",
      "  -3.17081295e-03+0.00000000e+00j  4.49183485e-02-0.00000000e+00j\n",
      "  -1.53686114e-01+0.00000000e+00j  8.44892827e-03-0.00000000e+00j\n",
      "   3.50066064e-01-0.00000000e+00j  7.26740598e-01-0.00000000e+00j\n",
      "   5.09542967e-01-0.00000000e+00j  1.67869451e-01-0.00000000e+00j\n",
      "   1.89127250e-01-0.00000000e+00j]\n",
      " [-4.05526202e-11+1.87441930e-11j -1.58409047e-10-4.46717422e-12j\n",
      "   4.09612270e-10+1.58233091e-11j  8.74234660e-10+5.67098273e-10j\n",
      "  -3.78753052e-10-2.48275635e-10j  1.24349798e-11+2.88272515e-12j\n",
      "  -4.12521187e-10-2.63660740e-10j  2.74490412e-09+7.35544592e-09j\n",
      "   1.03188530e-08-8.11779978e-08j -8.86734589e-07+7.11507879e-07j\n",
      "   1.22939008e-05+1.66006313e-06j -1.16657841e-04-1.16677973e-04j\n",
      "  -1.98301525e-04+2.67296934e-03j  2.63156431e-02-2.65352588e-02j\n",
      "  -1.11981247e-01+7.37886511e-02j  6.55369541e-03-3.71381647e-03j\n",
      "   3.11002661e-01-9.53451048e-02j  7.28644696e-01+0.00000000e+00j\n",
      "   5.22456010e-01+5.12598273e-02j  1.61587597e-01-1.80443163e-02j\n",
      "   2.01922149e-01+3.19664474e-02j]\n",
      " [-4.05526202e-11-1.87441930e-11j -1.58409047e-10+4.46717422e-12j\n",
      "   4.09612270e-10-1.58233091e-11j  8.74234660e-10-5.67098273e-10j\n",
      "  -3.78753052e-10+2.48275635e-10j  1.24349798e-11-2.88272515e-12j\n",
      "  -4.12521187e-10+2.63660740e-10j  2.74490412e-09-7.35544592e-09j\n",
      "   1.03188530e-08+8.11779978e-08j -8.86734589e-07-7.11507879e-07j\n",
      "   1.22939008e-05-1.66006313e-06j -1.16657841e-04+1.16677973e-04j\n",
      "  -1.98301525e-04-2.67296934e-03j  2.63156431e-02+2.65352588e-02j\n",
      "  -1.11981247e-01-7.37886511e-02j  6.55369541e-03+3.71381647e-03j\n",
      "   3.11002661e-01+9.53451048e-02j  7.28644696e-01+0.00000000e+00j\n",
      "   5.22456010e-01-5.12598273e-02j  1.61587597e-01+1.80443163e-02j\n",
      "   2.01922149e-01-3.19664474e-02j]\n",
      " [-2.22462567e-11+2.91830335e-11j -1.61110721e-10-8.83965765e-12j\n",
      "   4.19836714e-10+3.04974198e-11j  5.28080157e-10+1.18733599e-09j\n",
      "  -2.20850382e-10-5.23189217e-10j  4.35294417e-11-3.95628822e-12j\n",
      "  -4.60509915e-10-6.13884397e-10j -5.76492479e-09+5.62142910e-09j\n",
      "   8.28676971e-08+2.83870606e-08j  2.94385900e-07-1.02746786e-06j\n",
      "  -9.37085040e-06-2.73557390e-06j -9.36220681e-06+1.25115705e-04j\n",
      "   1.59858213e-03+2.12550127e-04j  1.18829479e-04-2.06119463e-02j\n",
      "  -3.53150199e-02+7.90233590e-02j  2.64714345e-03-4.44980885e-03j\n",
      "   2.15702322e-01-1.39409682e-01j  7.23428293e-01+0.00000000e+00j\n",
      "   5.59250840e-01+1.02804665e-01j  1.44728453e-01-2.90151730e-02j\n",
      "   2.34841044e-01+4.97393002e-02j]\n",
      " [-2.22462567e-11-2.91830335e-11j -1.61110721e-10+8.83965765e-12j\n",
      "   4.19836714e-10-3.04974198e-11j  5.28080157e-10-1.18733599e-09j\n",
      "  -2.20850382e-10+5.23189217e-10j  4.35294417e-11+3.95628822e-12j\n",
      "  -4.60509915e-10+6.13884397e-10j -5.76492479e-09-5.62142910e-09j\n",
      "   8.28676971e-08-2.83870606e-08j  2.94385900e-07+1.02746786e-06j\n",
      "  -9.37085040e-06+2.73557390e-06j -9.36220681e-06-1.25115705e-04j\n",
      "   1.59858213e-03-2.12550127e-04j  1.18829479e-04+2.06119463e-02j\n",
      "  -3.53150199e-02-7.90233590e-02j  2.64714345e-03+4.44980885e-03j\n",
      "   2.15702322e-01+1.39409682e-01j  7.23428293e-01+0.00000000e+00j\n",
      "   5.59250840e-01-1.02804665e-01j  1.44728453e-01+2.90151730e-02j\n",
      "   2.34841044e-01-4.97393002e-02j]\n",
      " [ 1.65725496e-12+2.77370536e-11j -1.61419631e-10-1.12686864e-11j\n",
      "   4.26356123e-10+4.00858644e-11j -3.23720853e-10+1.41617356e-09j\n",
      "   1.60950719e-10-6.28148902e-10j  9.71011891e-11-1.47820326e-11j\n",
      "  -2.75657252e-10-1.24898167e-09j -8.42381776e-09-3.57153766e-09j\n",
      "  -6.57176392e-08+7.21555326e-08j  1.78393962e-07+8.94110307e-07j\n",
      "   5.54981233e-06+2.83387106e-06j  5.59219186e-05-3.61054097e-05j\n",
